1919.65243 0
0 12 17 18 77 132 137 192 120 60 420 0
0 78 138 197 252 312 300 240 180 72 0
0 19 198 199 258 318 319 379 378 377 360 372 317 257 0
0 259 246 324 306 366 384 383 382 322 262 0
0 82 142 202 144 203 263 323 264 186 204 126 0
0 13 22 23 83 143 84 66 139 79 6 24 0
0 193 181 241 301 320 265 260 205 200 145 80 0
0 1 61 73 133 121 140 85 26 25 20 0
0 146 206 266 326 386 385 325 380 361 373 313 253 0
0 86 147 127 212 271 272 331 187 207 87 27 0
0 267 247 327 307 387 367 392 391 332 330 0
0 31 32 7 92 67 211 152 151 91 90 0
0 28 33 88 93 148 153 208 122 62 2 21 0
0 273 328 388 333 334 393 362 390 381 302 321 270 210 0
0 34 154 213 268 242 261 182 201 150 141 81 30 0
0 275 335 394 395 368 400 308 340 399 339 280 0
0 35 155 215 274 188 248 279 220 160 100 99 0
0 39 40 8 95 68 128 214 94 0
0 29 3 38 89 63 123 156 101 96 41 36 0
0 216 183 303 329 243 269 218 209 158 149 98 0
0 161 221 276 281 336 341 396 401 363 398 389 338 278 219 159 0
0 42 102 162 222 163 168 69 103 9 43 0
0 282 342 343 402 403 369 408 309 348 228 48 0
0 108 129 223 189 283 249 288 287 227 0
0 286 337 304 397 346 347 407 406 364 404 344 284 0
0 37 46 97 106 157 166 217 124 64 4 44 0
0 49 104 164 224 184 244 277 226 167 107 47 0
0 169 170 190 291 250 351 350 290 231 230 0
0 109 110 111 130 171 70 10 51 50 0
0 116 176 236 296 356 310 370 411 410 409 349 289 229 0
0 175 235 295 355 416 415 414 354 405 365 352 232 0
0 54 114 234 285 294 345 305 245 185 165 105 0
0 5 65 125 225 174 115 56 55 45 0
0 177 237 238 298 299 251 191 239 131 0
0 58 59 71 119 178 118 117 172 112 57 52 0
0 179 358 359 311 371 419 418 417 412 357 297 292 0
0 136 195 196 255 256 315 316 376 375 374 413 314 353 254 293 194 0
0 53 14 113 74 173 233 134 135 76 11 16 75 15 0
0 0
0 0
0 0
