1921.77155 0
0 420 60 120 180 192 77 17 12 0
0 18 78 138 197 252 312 300 240 137 132 72 0
0 19 198 199 258 318 319 379 378 377 360 372 317 257 0
0 259 246 324 306 366 384 383 382 262 202 0
0 23 24 6 84 79 66 139 126 83 0
0 22 143 144 204 186 264 323 322 263 203 142 82 13 0
0 193 181 241 301 320 265 205 260 200 145 80 0
0 20 25 26 85 140 121 133 61 73 1 0
0 146 206 266 326 386 385 325 380 361 373 313 253 0
0 27 86 7 87 67 147 152 151 91 31 0
0 247 332 391 392 367 387 307 327 267 207 0
0 90 211 271 330 331 272 187 212 127 92 32 0
0 21 30 81 62 88 33 93 148 122 2 28 0
0 141 150 201 182 261 242 268 213 154 208 153 34 0
0 273 328 333 388 334 393 362 390 381 302 321 270 210 0
0 94 214 215 274 275 248 280 188 220 160 100 0
0 335 394 395 368 400 308 340 399 339 279 0
0 39 40 99 68 128 155 95 8 35 0
0 29 98 158 209 218 269 278 329 303 243 183 0
0 36 41 96 101 161 123 149 38 89 63 3 0
0 156 216 221 276 281 336 341 396 401 363 398 389 338 219 159 0
0 282 342 343 402 403 369 408 309 348 228 168 0
0 162 222 223 189 283 249 288 287 227 48 0
0 43 9 108 69 129 163 103 102 42 0
0 284 344 404 364 406 407 347 346 397 304 337 286 0
0 44 4 64 124 217 166 157 106 97 46 37 0
0 49 104 164 224 184 244 277 226 167 107 47 0
0 109 110 111 170 171 176 70 116 10 51 50 0
0 130 236 190 296 291 351 350 290 231 230 169 0
0 250 356 310 370 411 410 409 349 289 229 0
0 175 235 295 355 416 415 414 354 405 365 352 232 0
0 45 54 55 56 115 165 125 65 5 0
0 105 114 174 225 234 285 294 345 305 245 185 0
0 172 177 237 297 298 357 412 358 299 191 239 131 0
0 292 417 418 419 371 311 359 251 238 0
0 58 59 119 71 179 178 118 117 112 57 52 0
0 15 75 16 11 76 135 134 233 173 74 113 14 53 0
0 194 293 254 353 314 413 374 375 376 316 315 256 255 196 195 136 0
0 0
0 0
0 0
